3,8
12,6
7,15
5,11
10,14
9,16
18,17
13,2
1,4
4,18
8,10
6,1
16,3
14,9
17,12
15,13
2,5
11,7
4,6
7,16
18,2
1,8
12,11
5,15
3,14
9,10
13,17
10,18
11,1
15,6
8,12
16,5
14,7
2,3
9,13
17,4
7,2
5,8
1,15
18,9
4,11
13,16
3,10
6,17
12,14
15,18
14,5
2,12
10,7
8,4
16,6
11,13
9,3
17,1
18,8
13,3
6,11
1,2
7,9
17,15
4,14
12,16
5,10
16,1
9,5
3,7
14,13
2,6
15,4
10,12
8,17
11,18
1,10
13,7
17,11
15,8
18,16
4,2
12,9
6,14
5,3
10,13
8,6
7,5
11,15
2,17
14,18
3,12
16,4
9,1
8,11
18,3
6,10
1,14
12,7
13,5
15,2
4,9
17,16
5,12
2,8
13,18
9,17
7,1
3,6
16,11
10,4
14,15
18,7
12,13
11,2
6,9
1,3
17,14
15,10
4,5
8,16
3,17
12,4
5,18
9,8
14,11
7,6
13,1
10,2
16,15
2,16
17,7
4,3
15,9
11,10
18,12
1,5
6,13
8,14
13,8
14,16
3,11
10,17
7,4
9,2
5,6
12,15
18,1
4,13
2,14
6,18
16,10
8,7
17,5
15,3
11,9
1,12
8,3
6,12
15,7
4,1
17,18
14,10
2,13
16,9
11,5
3,16
18,4
12,17
10,8
5,2
7,11
13,15
9,14
1,6
14,3
16,7
10,9
8,1
11,12
2,18
15,5
6,4
17,13
13,9
3,2
7,14
4,17
5,16
12,8
6,15
1,11
18,10
14,12
10,3
15,1
9,18
2,7
16,13
17,6
8,5
11,4
4,8
3,9
13,11
5,14
6,16
1,17
18,15
12,2
7,10
3,13
9,7
11,6
15,17
14,4
2,1
10,5
8,18
16,12
13,14
17,8
18,11
12,10
1,16
4,15
6,2
7,3
5,9
7,13
3,5
10,1
14,6
9,12
11,17
8,15
2,4
16,18
12,3
17,2
18,14
5,7
15,11
1,9
4,16
13,10
6,8
11,8
3,18
5,13
9,4
7,12
10,6
16,17
2,15
14,1
12,5
6,3
17,9
4,10
1,7
15,14
8,2
18,13
11,16
10,15
13,12
7,18
9,6
16,8
3,1
5,4
2,11
14,17
11,14
17,3
1,13
15,16
4,12
18,5
8,9
6,7
2,10
3,4
16,2
10,11
12,18
5,1
7,17
14,8
9,15
13,6
8,13
17,10
16,14
6,5
11,3
2,9
4,7
1,18
15,12
5,17
14,2
9,11
7,8
13,4
3,15
12,1
10,16
18,6
