1,2
3,4
5,6
7,8
9,10
11,12
12,1
2,3
4,5
6,7
8,9
10,11
1,3
5,2
7,4
9,6
11,8
10,12
1,5
3,12
2,7
4,9
6,11
8,10
7,1
5,3
9,2
11,4
10,6
12,8
1,9
3,7
12,5
2,11
4,10
8,6
11,1
9,3
5,7
10,2
8,4
6,12
1,10
3,11
5,9
7,12
2,8
4,6
8,1
10,3
11,5
9,7
6,2
12,4
6,1
8,3
10,5
11,7
12,9
4,2
1,4
3,6
5,8
7,10
9,11
2,12
2,1
4,3
6,5
8,7
10,9
12,11
1,12
3,2
5,4
7,6
9,8
11,10
3,1
2,5
4,7
6,9
8,11
12,10
5,1
12,3
7,2
9,4
11,6
10,8
1,7
3,5
2,9
4,11
6,10
8,12
9,1
7,3
5,12
11,2
10,4
6,8
1,11
3,9
7,5
2,10
4,8
12,6
10,1
11,3
9,5
12,7
8,2
6,4
1,8
3,10
5,11
7,9
2,6
4,12
1,6
3,8
5,10
7,11
9,12
2,4
4,1
6,3
8,5
10,7
11,9
12,2
