1,2
3,4
5,6
7,8
9,10
11,12
13,14
15,16
16,11
12,3
2,7
14,1
6,15
4,9
8,13
10,5
8,2
7,4
11,15
5,12
9,14
13,16
3,6
1,10
12,7
10,8
2,13
16,9
6,1
14,3
4,11
15,5
2,10
3,16
7,14
1,12
13,6
5,11
9,15
8,4
10,7
12,9
11,3
6,8
16,5
14,2
15,13
4,1
1,16
7,15
8,12
10,14
13,11
9,6
3,5
2,4
16,2
15,3
5,9
4,10
12,13
14,8
6,7
11,1
1,15
7,11
2,12
14,4
13,5
8,16
9,3
10,6
4,13
16,7
5,8
12,14
6,2
15,10
3,1
11,9
10,16
7,5
4,12
8,15
1,9
13,3
2,11
14,6
15,2
12,10
16,14
3,7
6,4
5,1
11,8
9,13
4,16
14,15
13,1
8,3
2,5
12,6
7,9
10,11
3,10
15,12
9,2
13,7
5,4
11,14
16,6
1,8
4,15
8,9
14,5
12,16
2,3
7,1
10,13
6,11
2,1
4,3
6,5
8,7
10,9
12,11
14,13
16,15
11,16
3,12
7,2
1,14
15,6
9,4
13,8
5,10
2,8
4,7
15,11
12,5
14,9
16,13
6,3
10,1
7,12
8,10
13,2
9,16
1,6
3,14
11,4
5,15
16,3
14,7
4,8
12,1
6,13
11,5
10,2
15,9
5,16
3,11
2,14
8,6
13,15
9,12
1,4
7,10
16,1
14,10
11,13
12,8
6,9
5,3
15,7
4,2
7,6
3,15
8,14
9,5
1,11
10,4
2,16
13,12
3,9
16,8
15,1
12,2
4,14
6,10
5,13
11,7
2,6
10,15
1,3
14,12
13,4
9,11
7,16
8,5
12,4
3,13
11,2
16,10
15,8
5,7
9,1
6,14
8,11
1,5
14,16
4,6
13,9
2,15
10,12
7,3
11,10
3,8
1,13
6,12
15,14
16,4
9,7
5,2
8,1
12,15
4,5
14,11
2,9
7,13
6,16
10,3
1,7
13,10
9,8
15,4
11,6
5,14
16,12
3,2
