7,13
10,14
1,11
12,4
6,5
3,8
9,2
2,7
13,10
14,1
11,12
4,6
5,3
8,9
7,10
1,13
12,14
6,11
3,4
9,5
8,2
7,1
10,2
13,12
14,6
11,3
4,9
5,8
12,7
1,10
6,13
3,14
9,11
8,4
2,5
7,6
10,12
2,1
13,3
14,9
11,8
5,4
3,7
6,10
1,12
9,13
8,14
5,11
4,2
7,9
10,3
1,6
12,2
13,8
14,5
11,4
8,7
9,10
3,1
6,12
5,13
4,14
2,11
7,5
10,8
1,9
12,3
2,6
13,4
11,14
4,7
5,10
8,1
9,12
6,3
11,13
14,2
7,11
10,4
1,5
12,8
6,9
3,2
13,14
14,7
11,10
4,1
5,12
8,6
9,3
2,13
13,7
14,10
11,1
4,12
5,6
8,3
2,9
7,2
10,13
1,14
12,11
6,4
3,5
9,8
10,7
13,1
14,12
11,6
4,3
5,9
2,8
1,7
2,10
12,13
6,14
3,11
9,4
8,5
7,12
10,1
13,6
14,3
11,9
4,8
5,2
6,7
12,10
1,2
3,13
9,14
8,11
4,5
7,3
10,6
12,1
13,9
14,8
11,5
2,4
9,7
3,10
6,1
2,12
8,13
5,14
4,11
7,8
10,9
1,3
12,6
13,5
14,4
11,2
5,7
8,10
9,1
3,12
6,2
4,13
14,11
7,4
10,5
1,8
12,9
3,6
13,11
2,14
11,7
4,10
5,1
8,12
9,6
2,3
14,13
7,14
10,11
1,4
12,5
6,8
3,9
13,2
